Hot_Talking	395 1354 1281 362 141 127 1793 2399 365 1657 2139 258 185 615 394 593 2259 1516 2109 561 765 952 1249 730 2359 1008 1416 1585 1142 959 1515 1773 2070 1977 979 2184 2592 2335 1892 1780 2336 393 690 526 2155 307 715 529 86 400 956 1569 1866 1276 278 1128 1536 1776 1333 1576 2132 2319 2616 2097
PostModern_Talking	379 1786 763 61 237 2125 60 1763 2125 276 2620 1400 2649 1947 2620 1881 171 1874 1739 2517 2501 2613 2178 255 2590 1000 2417 2492 29 548 1334 1446 2005 82 500 1537 1960 2035 1489 2008 1161 1273 2542 619 43 1080 793 868 1316 1835 1698 1810 2085 162 1503 2540 620 695 1853 2372 1241 1353 918 1622
Surreal_Games	1977 136 2614 2405 689 2585 105 1376 1806 1297 1461 2632 1426 1683 2652 1714 471 543 587 278 2180 2215 2074 840 744 1297 1119 2327 1306 2488 201 1372
Loud_Sports	791 2626 409 1149 983 1967 749 1230 2396 2159 2161 565 221 1025 540 1349 2522 403 1065 2355 679 77 443 253 1685 861 117 2258 2210 1867 901 1932
Hot_Show	974 804 987 1586 1425 1440 2548 2518 1839 1891 79 1618 548 1769 1381 1255 2368 1369 389 2557 2005 562 2616 1565 680 199 1809 1165 2315 1501 1446 358
Hot_News	1395 1171 2362 2534 1587 512 75 2615 373 704 1913 1879 399 2268 292 36 73 1646 817 1042 857 1320 195 1567 1863 2104 2496 945 2388 483 653
Loud_Show	182 1036 1369 1795 485 932 1857 2616 344 1235 2265 552 2392 1833 2272 1595 734 2432 1021 1602 1777 774 1620 351 1784 1817 2589 950 533 1824 1005 1919
Hourly_Sports	31 756 1587 598 307 1873 299 420 425 844 1416 376 2420 680 397 938 984 2389 2069 2425 1546 953 1151 1470 406 1515 2342 552 2078 375 277 1743 1160
Almost_Talking	191 2190 1665 1296 57 983 2564 2084 938 1309 1154 526 1137 768 1091 2017 2462 1982 1901 2272 937 975 744 1078 2232 1419 2114 820 2202 1130 196 234 500 834 2343 1530 1728 434 1461 389 2579 2617 611 945 1957 1144 987 2320 1217 145 63 101 225 559 1216 403 743 2076 1328 256 2304 2342 2111 2445
Dumb_News	1649 1428 2563 2029 250 695 2533 260 294 1931 775 1850 2436 1642 338 673 186 1908 49 236 1636 2285 315 2574 1199 1108 692 213 910 671 2142
Cold_News	915 2191 1652 842 1588 1310 882 627 1521 1983 1588 1757 866 497 892 1912 2649 2539 1602 1216 177 1695 1017 1926 2108 1850 173 1341 191 1154 328
Surreal_Talking	1511 1993 609 536 1321 1100 802 2468 1370 1963 912 1394 1217 1144 1290 1069 2191 1230 771 1364 1381 1937 278 575 2115 1117 1612 2020 130 2314 285 841 531 828 2581 1583 729 1137 1661 1218 538 1094 997 1294 1698 700 2260 41 1914 1471 1004 1560 114 411 602 2231 2513 294 2380 1937 121 677 1645 1942
Cold_Sports	2092 2466 1251 1676 2136 1067 518 1646 367 1111 973 456 111 58 684 2646 1561 435 950 2357 1124 1885 1327 2623 835 1448 150 373 1101 1159 2340 1823
Cold_Talking	544 524 192 910 2021 2098 2543 2326 2068 2085 939 1842 1510 2512 996 150 595 94 2463 776 33 1718 1719 383 532 421 1310 224 2186 911 357 2610 2611 2056 2205 1526 2415 548 2510 1803 1249 1656 1657 534 683 1850 112 1440 775 849 295 134 135 858 1007 115 1004 486 2448 1954 1400 458 459 1750
Loud_Talking	1958 1478 1681 2052 2110 1482 744 375 485 1411 578 98 230 601 233 2232 1565 1196 1732 32 798 2131 1312 240 1862 1900 1740 2074 1027 214 838 2171 500 2055 1192 1230 1922 2256 1067 254 2653 1359 2457 1385 1374 1412 1962 2296 255 2069 1983 689 2639 1567 1414 1452 1150 1484 2212 1399 2165 871 52
Surreal_Cooking	2576 1391 1256 2537 1029 2545 153 657 518 998 2408 2645 2236 2502 676 247 1762 1140 128 1142 1991 666 1393 594 259 895 919 1859 2338 1790 1148 1385
Loud_Cooking	109 815 408 2388 967 859 1636 1655 937 1717 2562 2181 173 1390 201 1892 2363 213 578 2158 2074 2403 2028 2535 2340 2114 1591 1358 90 2380 1302 921
PostModern_Sports	1493 798 273 953 1907 1249 909 2514 212 1695 2514 1749 1655 1295 1522 424 1292 488 1122 2059 2594 125 315 1659 1602 1427 2579 852 1202 435 1254
Dumb_Games	1092 451 1545 2652 1765 2197 775 2437 1698 243 700 1508 1824 816 2631 1663 980 231 714 967 1135 2014 129 1677 439 2169 1912 1092 1149 1473 2067 248
PostModern_Games	1132 1938 540 1754 621 391 1694 651 1368 2507 1844 776 1084 1101 1296 1671 1313 627 2561 1123 2208 856 2087 2388 1660 1751 2316 1914 298 1203 584 2143
Hot_Sports	2543 236 29 27 2328 169 702 1773 1558 2581 210 747 2619 587 2252 1457 1923 742 1408 872 2633 46 1563 28 2048 756 867 183 1204 171 1577 2114
Surreal_Sports	52 875 911 1627 1909 660 844 2300 1028 2517 757 1595 1351 1164 2540 1010 2061 468 68 166 1476 1178 1999 321 632 593 82 2252 787 2376 2124 335
Hourly_Games	979 219 1783 1122 838 522 1679 1610 1659 381 636 1237 163 583 2012 1244 1206 1552 2611 2620 1213 2595 953 592 2589 2602 1996 1561 561 1351 2003 2604
Baked_Games	357 2128 230 1145 1215 2172 1458 412 1185 403 2526 1790 279 1851 165 1501 2469 674 542 1767 2180 237 1992 2144 2446 2575 1555 967 196 214 1266 530
Baked_Sports	2349 1191 552 733 2245 1679 1373 592 2548 1575 161 2498 2294 2236 1204 840 266 985 1211 1883 1235 1584 2587 1890 2278 2553 559 639 2285 969 1528 1238
Surreal_Show	1649 2402 242 2545 2100 411 1803 850 2514 862 683 163 2501 527 1985 2427 1694 127 993 1102 1331 1947 593 110 2633 1584 2413 2337 1641 259 2050
PostModern_News	1757 2009 1320 683 2578 1868 1623 579 439 62 2079 246 1699 483 51 1622 1706 1526 1020 2221 455 1533 2063 563 1054 282 2070 1606 2023 881 819 1613
Hourly_Show	411 1711 724 2147 1491 238 2248 267 980 1382 456 1616 1491 834 1351 1845 1017 2099 803 113 1246 1625 2068 2192 2141 1854 1594 830 1593 122 1823
Cold_Cooking	800 658 1194 2209 1288 1479 1053 2512 1184 1971 48 554 2129 387 1017 1153 878 394 2060 2122 1477 1770 2067 538 2446 2369 816 545 862 711 1415
Dumb_Sports	1079 1914 1726 2245 1826 1403 179 772 723 2150 1470 1490 1629 1298 108 942 2524 1527 2261 2207 1976 2422 2490 1733 614 1874 758 1962 140 512 210 230
Loud_Games	200 2442 2260 40 836 1376 565 454 1287 2012 1866 1861 1591 138 1503 1054 1191 1773 178 691 384 1373 1813 1993 2648 566 1413 1001 1323 203 606
Baked_Cooking	376 1587 510 986 494 558 1627 2325 316 678 2312 1220 1976 2387 1357 80 2538 951 439 1752 1398 1513 1630 834 443 373 2192 2025 2152 2045 1052
PostModern_Cooking	2602 945 864 1137 56 2358 1056 478 396 2439 774 786 1950 2626 152 1311 329 783 2453 689 854 1789 610 363 232 2314 1616 1147 2533 1692 2141 2153
Almost_News	2189 970 594 244 1160 2087 1933 66 1278 1058 2035 1087 1782 2456 895 1649 346 1538 2567 509 908 102 1649 2181 2395 664 213 1263 1440 2151 775 2454
Surreal_News	1796 366 426 694 582 558 2394 1034 663 1971 2347 458 1205 1784 245 1464 1989 1458 2250 1989 368 2242 1924 1367 893 621 81 1041 271 1146 1087 1825
Almost_Cooking	2607 1747 1675 1780 1208 1014 1645 2638 1252 2242 1378 39 1903 896 941 1489 2280 1162 652 1052 1103 1539 918 763 666 362 1295 1029 377 2552 118 1406
Loud_News	2478 554 203 262 2300 672 1801 1379 1012 494 1069 2206 759 2012 151 1251 2246 2574 1342 333 1291 1434 1904 1524 373 479 764 2086 1564 2188 2436 946
Hourly_Talking	894 2116 1461 2461 146 36 1562 1156 161 902 1431 2653 1004 2004 1606 1496 1389 983 698 1439 2168 1318 1192 2340 1534 2164 1792 2459 991 1843 1569 719 1800 321 1503 2133 554 1221 392 1244 2177 1327 1769 290 265 895 2582 622 1000 1852 2146 1296 531 1679 2293 296 563 1230 969 1821 908 58 2559
Baked_Talking	1584 247 63 1722 946 971 2489 2367 2220 2215 1624 2062 1878 1052 276 1153 44 2407 2260 1403 2327 529 1825 2457 1200 1131 244 1001 1964 1313 1018 2131 800 509 1879 1526 639 2319 655 288 2620 183 1479 904 2274 217 1957 1294 2257 967 672 578 1874 2222 965 1819 932 1973 309 1362 1067 1896 565 1197
PostModern_Show	2350 2491 1247 462 1617 2461 2105 506 218 1728 1636 802 1996 2112 459 1179 2262 1823 2649 2629 2639 2089 2360 2192 1462 2466 2626 1903 1025 1289 376
Cold_Show	2612 1693 971 950 103 664 2088 2289 2552 782 2489 2107 1869 1570 1534 967 2431 134 616 2639 1291 696 1807 1721 336 2183 2369 285 2045 1228 1229 847
Almost_Games	554 2239 195 2084 1486 2653 646 93 420 958 595 1343 152 129 195 351 1454 2393 2015 2578 462 1068 1652 1771 62 76 327 1408 1882 2303 1962 83
Hourly_News	2593 1969 1870 2479 380 2420 2506 1413 1312 207 2194 2281 2045 833 1202 956 1682 2653 802 2591 357 2290 2622 2191 1992 965 2259 1384 1592 2600 934 1021
Dumb_Cooking	1411 803 1281 2503 345 1735 1695 327 981 669 1469 1341 740 1963 662 941 2375 638 299 134 1975 2273 1601 2398 1168 1873 609 1073 805 1066 209 81
Hourly_Cooking	2289 1337 1231 1095 1519 1122 1164 1768 638 352 1716 2270 322 419 872 1685 1032 2350 1027 841 447 433 331 996 2230 2475 1041 300 2385 1631 456 1010
Almost_Sports	721 342 48 1670 802 1755 240 1011 1142 1852 2230 1816 424 1526 1608 2341 1430 2310 1282 1719 1955 689 2066 1393 1333 1214 445 2177 1007 592 970
Almost_Show	1154 1193 1853 1429 1975 1052 2156 1325 2463 1873 482 1347 599 1939 1081 96 606 355 2050 695 1982 362 466 1664 2581 1738 473 80 923 2337 1849
Baked_News	438 2358 2057 307 1962 478 1546 1387 489 2002 1773 1826 1349 1133 1299 464 801 2028 1528 2617 2066 1480 2423 219 1592 118 1875 1114 1821 2271 513
Hot_Games	95 1804 1939 807 1434 1626 2057 2405 2551 338 2135 1247 822 511 699 329 2494 1998 1261 1520 1576 1043 121 2082 140 125 1793 942 702 1316 875 2614
Dumb_Show	1579 2390 2650 936 1919 2471 1436 1128 1260 184 2598 1627 1000 957 2272 1005 1525 1963 429 679 903 2488 1435 1463 577 1866 1960 2469 1361 1540 1338 367
Dumb_Talking	2610 1870 835 1858 2081 843 2102 1913 471 841 1656 348 1940 2182 2405 1735 367 959 2144 1946 367 1219 2293 1620 1880 2528 1345 1853 1336 79 265 2182 629 1092 1352 935 2379 1751 1234 1042 1228 1654 101 2126 2386 833 2277 87 2197 514 700 61 1135 2024 2284 1796 613 2186 1669 1548 1734 2586 1033
Hot_Cooking	716 2285 655 70 1870 1182 1402 2186 323 2336 2041 1064 549 1918 2270 590 1814 1370 538 819 1340 2635 2617 1714 1569 2161 1255 1166 2464 2390 781
Cold_Games	708 1686 580 2473 49 2026 661 1259 241 1367 422 1640 1308 1888 1206 1314 686 2413 2212 2098 360 1791 110 477 1144 1465 2115 1002 2150 2249 1789 380
Baked_Show	1300 809 1730 1688 1233 1482 849 918 1018 1415 2237 701 1864 1683 320 2632 2019 839 2362 715 1323 994 1518 130 2033 298 1673 1913 1448 1008 977 2068
